1 50
16 16
34
4 3
4 5
3 2 
1 3
2 6 
3 6
3 7
5 7
6 6
6 4
1 6
4 8
2 5
3 4
4 1
4 6
6 5
2 2
5 3
2 3
4 2
6 7
1 2
3 3
3 1
2 7
1 7
1 5
4 4
5 6
4 7
3 8
3 5
2 4
1 19 492 5000
19 1 492 5000
1 21 3 500
21 1 53 500
22 1 0.6 500
1 24 10 300
24 1 10 300
30 1 38 500
21 2 53 500
22 2 0.6 500
2 29 2 500
29 2 35 500
2 30 20 500
30 2 2 500
2 31 201 500
31 2 2 500
2 32 05 500
32 2 1 500
2 33 1 500
33 2 202 500
2 34 0.5 500
34 2 1 500
3 17 0.3 500
17 3 0.4 500
3 18 2 500
18 3 2 500
3 20 0.4 500
20 3 5 500
3 21 125 300
21 3 0.1 300
3 23 0.2 500
23 3 0.2 500
3 24 250 150
24 3 125 150
3 25 4 500
25 3 4 500
3 26 1 500
26 3 1 500
3 28 0.4 500
4 18 2 500
18 2 4 500
4 20 1.5 500
20 4 61 500
4 21 0.1 300
21 4 0.1 300
4 23 1 500
23 4 1 500
4 24 5.6 150
24 4 4.4 150
28 4 41 500
30 4 1.9 500
18 5 0.3 500
20 5 0.3 500
22 5 2.5 500
5 24 1.3 500
24 5 1.3 500
5 26 1 500
26 5 1 500
5 27 0.5 500
27 5 2 500
5 28 1 500
28 5 1 500
5 30 10 300
30 5 10 300
5 32 10 200
32 5 10 200
5 33 10 200
33 5 10 200
5 34 10 200
34 5 10 200
18 6 0.3 500
20 6 0.3 500
22 6 2.5 500
6 24 1.3 500
24 6 1.3 500
6 26 1 500
26 6 1 500
6 27 0.2 500
27 6 1 500
6 28 1 500
28 6 1 500
6 30 10 300
30 6 10 300
6 31 10 200
31 6 10 200
6 33 10 200
33 6 10 200
6 34 10 200
34 6 10 200
18 7 0.3 500
20 7 0.3 500
22 7 2.5 500
7 24 1.3 500
24 7 1.3 500
7 26 1 500
26 7 1 500
7 27 0.5 500
27 7 2 500
7 28 1 500
28 7 1 500
7 30 6 300
30 7 10 300
7 31 10 200
31 7 10 200
7 32 10 200
32 7 10 200
7 34 10 200
34 7 10 200
18 8 0.3 500
22 8 0.3 500
22 8 2.5 500
8 26 1 500
26 8 1 500
8 27 0.2 500 
27 8 1 500
8 28 1 500
28 8 1 500
8 30 6 300
30 8 10 300
8 31 10 200
31 8 10 200
8 32 10 200
32 8 10 200
8 33 10 200
33 8 10 200
9 17 13 500
17 9 11 500
9 22 29 500
17 10 29 500
10 21 3 500
21 10 1 500
10 24 10 500
24 10 10 500
27 11 215 150
11 28 415 150
28 11 400 150
11 30 1 500
30 11 1 500
12 31 400 100
31 12 400 100
12 32 400 100
32 12 400 100
13 28 400 150
28 13 400 150
13 30 1 500
30 13 1 500
13 31 3.1 500
13 32 39 500
13 33 3.6 500
33 13 200 100
34 13 200 100
17 14 9.4 500
20 14 36 500
14 30 1 500
30 14 1 500
14 33 400 100
33 14 400 100
14 34 400 100
34 14 400 100
15 21 15 500
21 15 23 500
15 24 0.1 500
24 15 0.1 500
17 16 10 500
16 21 0 300
21 16 0 300
16 30 153 300
30 16 0 300
16 31 160 500
16 33 1.2 500
33 16 54 500
