1 50
16 16
34
10 6
4 13
8 5
5 2
8 10
5 11
6 12
9 11
9 3
12 3
1 10
7 15
5 9
7 7
4 0
14 13
10 7
2 14
14 4
1 2
8 0
3 12
12 0
5 5
14 7
9 8
4 10
2 9
3 15
10 12
7 13
8 14
7 9
6 8
1 19 492 5000
19 1 492 5000
1 21 3 5000
21 1 53 5000
22 1 0.6 5000
1 24 10 300
24 1 10 300
30 1 38 5000
21 2 53 5000
22 2 0.6 5000
2 29 2 5000
29 2 35 5000
2 30 20 5000
30 2 2 5000
2 31 201 5000
31 2 2 5000
2 32 05 5000
32 2 1 5000
2 33 1 5000
33 2 202 5000
2 34 0.5 5000
34 2 1 5000
3 17 0.3 5000
17 3 0.4 5000
3 18 2 5000
18 3 2 5000
3 20 0.4 500
20 3 5 500
3 21 125 300
21 3 0.1 300
3 23 0.2 5000
23 3 0.2 5000
3 24 250 150
24 3 125 150
3 25 4 5000
25 3 4 5000
3 26 1 5000
26 3 1 5000
3 28 0.4 5000
4 18 2 5000
18 2 4 5000
4 20 1.5 5000
20 4 61 5000
4 21 0.1 300
21 4 0.1 300
4 23 1 5000
23 4 1 5000
4 24 5.6 150
24 4 4.4 150
28 4 41 5000
30 4 1.9 5000
18 5 0.3 5000
20 5 0.3 5000
22 5 2.5 5000
5 24 1.3 5000
24 5 1.3 5000
5 26 1 5000
26 5 1 5000
5 27 0.5 5000
27 5 2 5000
5 28 1 5000
28 5 1 5000
5 30 10 300
30 5 10 300
5 32 10 200
32 5 10 200
5 33 10 200
33 5 10 200
5 34 10 200
34 5 10 200
18 6 0.3 5000
20 6 0.3 5000
22 6 2.5 5000
6 24 1.3 5000
24 6 1.3 5000
6 26 1 5000
26 6 1 5000
6 27 0.2 5000
27 6 1 5000
6 28 1 5000
28 6 1 5000
6 30 10 300
30 6 10 300
6 31 10 200
31 6 10 200
6 33 10 200
33 6 10 200
6 34 10 200
34 6 10 200
18 7 0.3 5000
20 7 0.3 5000
22 7 2.5 5000
7 24 1.3 5000
24 7 1.3 5000
7 26 1 5000
26 7 1 5000
7 27 0.5 5000
27 7 2 5000
7 28 1 5000
28 7 1 5000
7 30 6 300
30 7 10 300
7 31 10 200
31 7 10 200
7 32 10 200
32 7 10 200
7 34 10 200
34 7 10 200
18 8 0.3 5000
22 8 0.3 5000
22 8 2.5 5000
8 26 1 5000
26 8 1 5000
8 27 0.2 5000 
27 8 1 5000
8 28 1 5000
28 8 1 5000
8 30 6 300
30 8 10 300
8 31 10 200
31 8 10 200
8 32 10 200
32 8 10 200
8 33 10 200
33 8 10 200
9 17 13 5000
17 9 11 5000
9 22 29 5000
17 10 29 5000
10 21 3 5000
21 10 1 5000
10 24 10 5000
24 10 10 5000
27 11 215 150
11 28 415 150
28 11 400 150
11 30 1 5000
30 11 1 5000
12 31 400 100
31 12 400 100
12 32 400 100
32 12 400 100
13 28 400 150
28 13 400 150
13 30 1 5000
30 13 1 5000
13 31 3.1 5000
13 32 39 5000
13 33 3.6 5000
33 13 200 100
34 13 200 100
17 14 9.4 5000
20 14 36 5000
14 30 1 5000
30 14 1 5000
14 33 400 100
33 14 400 100
14 34 400 100
34 14 400 100
15 21 15 5000
21 15 23 5000
15 24 0.1 5000
24 15 0.1 5000
17 16 10 5000
16 21 0 5000
21 16 0 5000
16 30 153 300
30 16 0 300
16 31 160 5000
16 33 1.2 5000
33 16 54 5000
